section,jaunty_karmic,karmic_lucid,lucid_maverick,maverick_natty
kernel,0,12050,82,7016
graphics,5122868,3026765,4337429,1910610
zope,0,0,0,880
oldlibs,150,165,150,203
games,298023,1078848,141427,147566
math,751126,2152913,733941,136212
comm,895,55088,46961,47406
kde,21969546,38306721,17664497,13944985
misc,3296457,902770,2199416,930164
doc,336524,107743,268050,117770
x11,2287820,2285665,1338513,2106227
gnome,10729550,6496888,4565867,5783234
shells,37399,9819,7152,12107
libdevel,75648,48667,21319,19553
science,340548,900,320899,2342
java,2968915,590680,1506859,419044
admin,7072808,6124350,5230679,8420392
text,3481492,2957649,2323776,1411468
mail,1023108,462313,2412162,1145931
interpreters,4285151,2027897,1298111,30265
otherosfs,1669639,1140208,266465,1193805
vcs,0,0,95850,89916
fonts,0,230,72,112
python,1496798,4667678,2933807,2512243
perl,299668,392336,101536,106790
devel,68703650,36125248,44328230,34869553
cli-mono,0,0,0,9665
video,0,0,152611,83018
database,0,1917052,323685,92086
tex,130618,8119186,450332,622099
debian-installer,168941,46534,44404,170766
net,5528561,4714126,3024414,4557893
libs,18113963,15985313,15031444,13208145
news,28114,271176,0,0
editors,2054098,4334799,31091,570018
sound,646707,954707,1218532,1160504
utils,3118955,3290371,2975009,848824
metapackages,499,551,211,181
web,707137,2364159,298189,807208
embedded,536,84,84,84
